0000 2
0001 1
0002 2
0003 1
0004 1
0005 2
0006 1
0007 0
0008 1
0009 2
0010 2
0011 2
0012 2
0013 2
0014 0
0015 0
0017 1
0018 1
0019 0
0020 1
0021 0
0022 1
0023 1
0024 1
0025 0
0026 1
0027 1
0028 2
0029 1
0030 2
0031 0
0032 0
0034 0
0035 2
0036 2
0037 0
0038 0
0039 1
0040 0
0041 0
0042 1
0043 0
0044 1
0045 1
0046 1
0047 2
0048 0
0049 1
0051 0
0052 2
0053 2
0054 0
0055 2
0056 1
0057 1
0058 2
0059 2
0060 1
0061 0
0062 1
0063 2
0064 2
0065 2
0066 0
0016 2
0033 2
0050 0
0067 2
0084 0
0101 2
0118 1
0135 1
0152 1
0169 2
0186 2
0203 0
0220 0
0237 1
0254 0
0068 2
0069 2
0070 1
0071 2
0072 2
0073 2
0074 1
0075 1
0076 1
0077 0
0078 0
0079 1
0080 2
0081 2
0082 1
0083 0
0085 2
0086 1
0087 0
0088 0
0089 2
0090 0
0091 2
0092 0
0093 2
0094 1
0095 2
0096 1
0097 2
0098 2
0099 1
0100 2
0102 1
0103 0
0104 0
0105 2
0106 2
0107 2
0108 2
0109 0
0110 1
0111 2
0112 2
0113 1
0114 1
0115 0
0116 0
0117 2
0119 0
0120 2
0121 1
0122 2
0123 0
0124 0
0125 2
0126 0
0127 2
0128 2
0129 0
0130 0
0131 0
0132 2
0133 1
0134 1
0136 0
0137 2
0138 2
0139 1
0140 0
0141 0
0142 2
0143 0
0144 0
0145 2
0146 1
0147 0
0148 2
0149 2
0150 0
0151 0
0153 2
0154 1
0155 1
0156 1
0157 2
0158 0
0159 2
0160 0
0161 2
0162 2
0163 2
0164 0
0165 0
0166 1
0167 0
0168 1
0170 1
0171 2
0172 1
0173 2
0174 2
0175 0
0176 2
0177 0
0178 2
0179 1
0180 0
0181 1
0182 0
0183 2
0184 0
0185 2
0187 1
0188 0
0189 1
0190 1
0191 2
0192 0
0193 1
0194 1
0195 0
0196 2
0197 1
0198 0
0199 2
0200 2
0201 0
0202 2
0204 2
0205 0
0206 2
0207 0
0208 2
0209 0
0210 1
0211 1
0212 2
0213 0
0214 1
0215 0
0216 0
0217 1
0218 2
0219 0
0221 2
0222 1
0223 0
0224 0
0225 1
0226 0
0227 2
0228 0
0229 2
0230 1
0231 2
0232 0
0233 1
0234 2
0235 2
0236 0
0238 2
0239 2
0240 0
0241 2
0242 0
0243 1
0244 2
0245 2
0246 1
0247 2
0248 1
0249 2
0250 2
0251 0
0252 0
0253 1
0255 1
0256 0
0257 2
0258 1
0259 0
0260 2
0261 0
0262 1
0263 1
0264 1
0265 0
0266 0
0267 1
0268 0
0269 0
0270 0
0272 2
0273 0
0274 0
0275 1
0276 1
0277 2
0278 1
0279 2
0280 0
0281 2
0282 1
0283 0
0284 2
0285 2
0286 1
0287 0
0289 1
0290 0
0291 1
0292 0
0293 1
0294 2
0295 2
0296 0
0297 0
0298 2
0299 0
0300 2
0301 0
0302 0
0303 1
0304 1
0306 2
0307 2
0308 1
0309 2
0310 0
0311 2
0312 2
0313 1
0314 2
0315 0
0316 1
0317 2
0318 1
0319 0
0320 0
0321 1
0323 1
0324 0
0325 0
0326 2
0327 0
0328 2
0329 0
0330 0
0331 2
0332 0
0333 2
0334 2
0335 2
0336 1
0337 0
0338 2
0340 2
0341 2
0342 0
0343 0
0344 0
0345 1
0346 2
0347 2
0348 2
0349 0
0350 1
0351 1
0352 1
0353 2
0354 0
0355 1
0357 1
0358 1
0359 2
0360 1
0361 0
0362 1
0363 1
0364 0
0365 0
0366 0
0367 2
0368 2
0369 0
0370 2
0371 1
0372 2
0374 0
0375 1
0376 0
0377 0
0378 1
0379 2
0380 2
0381 2
0382 0
0383 0
0384 1
0385 1
0386 2
0387 0
0388 2
0389 0
0391 1
0392 0
0393 0
0394 0
0395 2
0396 0
0397 1
0398 2
0399 0
0400 0
0401 2
0402 0
0403 0
0404 1
0405 1
0406 0
0408 1
0409 2
0410 1
0411 1
0412 1
0413 2
0414 0
0415 2
0416 1
0417 1
0418 2
0419 2
0420 1
0421 1
0422 0
0423 0
0425 0
0426 1
0427 0
0428 1
0429 0
0430 0
0431 0
0432 1
0433 1
0434 1
0435 0
0436 0
0437 2
0438 2
0439 2
0440 2
0442 0
0443 2
0444 2
0445 0
0446 1
0447 1
0448 0
0449 1
0450 0
0451 0
0452 1
0453 2
0454 0
0455 0
0456 0
0457 1
0459 0
0460 1
0461 2
0462 2
0463 1
0464 0
0465 1
0466 1
0467 2
0468 0
0469 0
0470 2
0471 0
0472 1
0473 2
0474 2
0476 1
0477 2
0478 0
0479 1
0480 0
0481 1
0482 1
0483 0
0484 2
0485 0
0486 0
0487 1
0488 0
0489 0
0490 2
0491 1
0493 0
0494 2
0495 1
0496 2
0497 1
0498 1
0499 2
0500 1
0501 1
0502 2
0503 0
0504 0
0505 1
0506 0
0507 0
0508 1
0510 1
0511 0
0512 1
0513 0
0514 2
0515 2
0516 2
0517 0
0518 1
0519 0
0520 2
0521 1
0522 1
0523 0
0524 2
0525 0
0527 1
0528 0
0529 1
0530 1
0531 1
0532 0
0533 0
0534 0
0535 2
0536 2
0537 2
0538 0
0539 0
0540 1
0541 1
0542 2
0544 2
0545 1
0546 2
0547 2
0548 2
0549 2
0550 0
0551 1
0552 0
0553 0
0554 1
0555 1
0556 2
0557 0
0558 1
0559 2
0288 2
0305 1
0322 2
0339 1
0356 2
0373 0
0390 1
0407 2
0424 2
0441 0
0458 2
0475 0
0492 2
0509 0
0526 0
0561 0
0562 2
0563 1
0564 1
0565 1
0566 0
0567 1
0568 2
0569 1
0570 1
0571 0
0572 0
0573 2
0574 2
0575 2
0576 2
0578 2
0579 2
0580 2
0581 0
0582 0
0583 1
0584 1
0585 0
0586 0
0587 1
0588 2
0589 0
0590 1
0591 1
0592 2
0593 2
0595 2
0596 2
0597 2
0598 0
0599 1
0600 0
0601 1
0602 1
0603 1
0604 0
0605 1
0606 1
0607 2
0608 0
0609 0
0610 1
0612 2
0613 2
0614 2
0615 2
0616 0
0617 1
0618 2
0619 1
0620 1
0621 0
0622 1
0623 0
0624 0
0625 1
0626 0
0627 0
0629 2
0630 0
0631 0
0632 2
0633 0
0634 2
0635 1
0636 0
0637 2
0638 2
0639 2
0640 1
0641 1
0642 0
0643 1
0644 0
0646 0
0647 1
0648 2
0649 1
0650 0
0651 0
0652 0
0653 2
0654 1
0655 1
0656 2
0657 1
0658 0
0659 1
0660 1
0661 1
0663 0
0664 0
0665 2
0666 0
0667 1
0668 2
0669 2
0670 1
0671 0
0672 1
0673 1
0674 1
0675 1
0676 1
0677 2
0678 2
0680 0
0681 0
0682 1
0683 1
0684 2
0685 0
0686 2
0687 1
0688 1
0689 1
0690 0
0691 1
0692 2
0693 2
0694 0
0695 2
0697 1
0698 1
0699 1
0700 0
0701 0
0702 1
0703 1
0704 0
0705 0
0706 0
0707 1
0708 1
0709 2
0710 0
0711 2
0712 2
0714 2
0715 2
0716 1
0717 0
0718 1
0719 2
0720 2
0721 0
0722 1
0723 0
0724 0
0725 0
0726 0
0727 1
0728 1
0729 1
0731 0
0732 1
0733 1
0734 2
0735 0
0736 1
0737 1
0738 1
0739 2
0740 1
0741 2
0742 1
0743 0
0744 0
0745 2
0746 2
0748 2
0749 0
0750 2
0751 0
0752 2
0753 2
0754 1
0755 0
0756 1
0757 1
0758 0
0759 2
0760 2
0761 0
0762 1
0763 1
0765 1
0766 0
0767 2
0768 1
0769 1
0770 0
0771 1
0772 2
0773 2
0774 2
0775 2
0776 2
0777 1
0778 0
0779 0
0780 2
0782 2
0783 1
0784 2
0785 1
0786 1
0787 2
0788 0
0789 1
0790 1
0791 2
0792 1
0793 1
0794 1
0795 2
0796 0
0797 0
0799 2
0800 0
0801 1
0802 0
0803 0
0804 1
0805 1
0806 0
0807 0
0808 2
0809 0
0810 2
0811 2
0812 1
0813 0
0814 2
0816 0
0817 2
0818 2
0819 2
0820 1
0821 0
0822 0
0823 1
0824 0
0825 0
0826 2
0827 0
0828 0
0829 0
0830 1
0831 2
0560 2
0577 1
0594 0
0611 1
0628 0
0645 2
0662 2
0679 0
0696 0
0713 1
0730 1
0747 2
0764 0
0781 2
0798 1
0271 2
0543 0
0815 2
1087 0
1359 0
1631 0
1903 2
0833 1
0834 1
0835 1
0836 1
0837 1
0838 1
0839 2
0840 2
0841 1
0842 2
0843 1
0844 1
0845 1
0846 2
0847 1
0848 1
0850 1
0851 1
0852 0
0853 0
0854 1
0855 2
0856 2
0857 0
0858 0
0859 1
0860 1
0861 2
0862 2
0863 2
0864 0
0865 1
0867 2
0868 2
0869 1
0870 1
0871 0
0872 2
0873 2
0874 2
0875 0
0876 1
0877 0
0878 1
0879 0
0880 2
0881 0
0882 1
0884 0
0885 1
0886 1
0887 1
0888 1
0889 1
0890 2
0891 0
0892 1
0893 2
0894 2
0895 0
0896 1
0897 2
0898 1
0899 0
0901 0
0902 1
0903 1
0904 0
0905 0
0906 2
0907 2
0908 0
0909 1
0910 2
0911 2
0912 2
0913 0
0914 2
0915 2
0916 2
0918 0
0919 2
0920 1
0921 0
0922 2
0923 1
0924 1
0925 2
0926 1
0927 1
0928 2
0929 2
0930 0
0931 1
0932 0
0933 2
0935 2
0936 2
0937 2
0938 2
0939 2
0940 0
0941 0
0942 2
0943 2
0944 0
0945 2
0946 1
0947 0
0948 1
0949 2
0950 2
0952 2
0953 2
0954 1
0955 2
0956 1
0957 0
0958 1
0959 1
0960 1
0961 0
0962 2
0963 2
0964 2
0965 1
0966 1
0967 1
0969 0
0970 2
0971 1
0972 1
0973 2
0974 2
0975 0
0976 0
0977 0
0978 0
0979 1
0980 1
0981 1
0982 1
0983 0
0984 0
0986 1
0987 0
0988 1
0989 0
0990 0
0991 1
0992 1
0993 0
0994 1
0995 0
0996 2
0997 2
0998 2
0999 2
1000 1
1001 0
1003 0
1004 0
1005 2
1006 0
1007 1
1008 1
1009 2
1010 0
1011 0
1012 0
1013 0
1014 1
1015 1
1016 1
1017 1
1018 0
1020 2
1021 1
1022 2
1023 0
1024 1
1025 1
1026 2
1027 0
1028 0
1029 0
1030 1
1031 0
1032 2
1033 2
1034 1
1035 1
1037 1
1038 2
1039 1
1040 2
1041 1
1042 2
1043 0
1044 1
1045 0
1046 2
1047 1
1048 2
1049 2
1050 1
1051 1
1052 2
1054 0
1055 0
1056 2
1057 1
1058 1
1059 1
1060 0
1061 1
1062 1
1063 0
1064 0
1065 2
1066 2
1067 1
1068 0
1069 1
1071 1
1072 2
1073 2
1074 0
1075 0
1076 2
1077 1
1078 2
1079 1
1080 1
1081 1
1082 2
1083 0
1084 1
1085 0
1086 1
1088 0
1089 1
1090 1
1091 0
1092 0
1093 0
1094 0
1095 2
1096 2
1097 2
1098 2
1099 2
1100 0
1101 1
1102 2
1103 2
0832 0
0849 0
0866 1
0883 2
0900 1
0917 0
0934 0
0951 2
0968 0
0985 2
1002 1
1019 1
1036 0
1053 0
1070 2
1105 1
1106 0
1107 1
1108 0
1109 1
1110 0
1111 1
1112 0
1113 1
1114 0
1115 1
1116 1
1117 1
1118 2
1119 2
1120 1
1122 0
1123 0
1124 0
1125 1
1126 1
1127 1
1128 2
1129 2
1130 1
1131 2
1132 2
1133 2
1134 2
1135 1
1136 1
1137 2
1139 0
1140 1
1141 0
1142 1
1143 2
1144 1
1145 0
1146 1
1147 1
1148 1
1149 2
1150 1
1151 2
1152 0
1153 1
1154 1
1156 0
1157 2
1158 2
1159 0
1160 2
1161 2
1162 0
1163 2
1164 0
1165 0
1166 1
1167 2
1168 0
1169 2
1170 1
1171 2
1173 1
1174 2
1175 1
1176 1
1177 2
1178 0
1179 2
1180 2
1181 0
1182 1
1183 1
1184 2
1185 1
1186 2
1187 1
1188 0
1190 0
1191 0
1192 0
1193 1
1194 0
1195 1
1196 1
1197 2
1198 1
1199 0
1200 0
1201 2
1202 0
1203 0
1204 2
1205 0
1207 2
1208 2
1209 2
1210 2
1211 0
1212 0
1213 0
1214 1
1215 2
1216 2
1217 2
1218 1
1219 0
1220 2
1221 2
1222 2
1224 0
1225 2
1226 1
1227 1
1228 1
1229 0
1230 0
1231 1
1232 1
1233 1
1234 1
1235 1
1236 0
1237 1
1238 2
1239 1
1241 0
1242 2
1243 0
1244 2
1245 1
1246 2
1247 0
1248 1
1249 0
1250 0
1251 1
1252 1
1253 1
1254 2
1255 0
1256 0
1258 2
1259 2
1260 1
1261 2
1262 1
1263 2
1264 0
1265 0
1266 2
1267 0
1268 1
1269 0
1270 2
1271 2
1272 1
1273 1
1275 2
1276 2
1277 0
1278 2
1279 1
1280 2
1281 2
1282 1
1283 0
1284 0
1285 0
1286 0
1287 2
1288 2
1289 0
1290 1
1292 0
1293 0
1294 2
1295 1
1296 0
1297 0
1298 0
1299 2
1300 2
1301 1
1302 0
1303 0
1304 2
1305 1
1306 0
1307 0
1309 0
1310 2
1311 1
1312 2
1313 0
1314 1
1315 0
1316 1
1317 0
1318 1
1319 2
1320 2
1321 1
1322 0
1323 0
1324 2
1326 2
1327 2
1328 1
1329 0
1330 2
1331 0
1332 0
1333 2
1334 2
1335 0
1336 2
1337 1
1338 0
1339 2
1340 2
1341 1
1343 0
1344 2
1345 0
1346 2
1347 0
1348 1
1349 2
1350 1
1351 2
1352 0
1353 0
1354 2
1355 2
1356 2
1357 2
1358 1
1360 2
1361 0
1362 2
1363 2
1364 1
1365 2
1366 0
1367 1
1368 2
1369 1
1370 2
1371 0
1372 0
1373 0
1374 0
1375 2
1104 0
1121 1
1138 0
1155 0
1172 1
1189 1
1206 1
1223 1
1240 1
1257 1
1274 0
1291 0
1308 1
1325 2
1342 1
1377 2
1378 2
1379 0
1380 0
1381 1
1382 0
1383 2
1384 2
1385 0
1386 0
1387 0
1388 0
1389 1
1390 1
1391 1
1392 1
1394 1
1395 2
1396 0
1397 0
1398 0
1399 0
1400 2
1401 1
1402 2
1403 0
1404 0
1405 2
1406 1
1407 0
1408 2
1409 2
1411 1
1412 2
1413 0
1414 0
1415 2
1416 0
1417 2
1418 2
1419 0
1420 0
1421 1
1422 0
1423 2
1424 2
1425 0
1426 1
1428 0
1429 2
1430 2
1431 1
1432 1
1433 0
1434 1
1435 0
1436 0
1437 2
1438 2
1439 1
1440 1
1441 0
1442 2
1443 2
1445 2
1446 1
1447 0
1448 0
1449 2
1450 1
1451 0
1452 2
1453 1
1454 2
1455 1
1456 1
1457 1
1458 1
1459 0
1460 1
1462 0
1463 1
1464 0
1465 2
1466 0
1467 1
1468 2
1469 0
1470 1
1471 2
1472 0
1473 0
1474 0
1475 1
1476 2
1477 1
1479 2
1480 2
1481 1
1482 1
1483 2
1484 2
1485 2
1486 2
1487 1
1488 0
1489 1
1490 1
1491 2
1492 0
1493 2
1494 2
1496 0
1497 0
1498 0
1499 1
1500 1
1501 0
1502 0
1503 0
1504 1
1505 0
1506 0
1507 1
1508 2
1509 0
1510 2
1511 0
1513 0
1514 1
1515 1
1516 0
1517 0
1518 2
1519 1
1520 0
1521 2
1522 2
1523 1
1524 2
1525 0
1526 0
1527 0
1528 2
1530 0
1531 0
1532 1
1533 0
1534 1
1535 1
1536 1
1537 1
1538 2
1539 1
1540 0
1541 2
1542 2
1543 2
1544 0
1545 2
1547 0
1548 2
1549 0
1550 1
1551 1
1552 0
1553 1
1554 0
1555 0
1556 1
1557 2
1558 2
1559 2
1560 0
1561 1
1562 1
1564 0
1565 2
1566 1
1567 0
1568 1
1569 2
1570 1
1571 2
1572 0
1573 1
1574 1
1575 2
1576 0
1577 0
1578 1
1579 1
1581 0
1582 1
1583 2
1584 0
1585 2
1586 0
1587 0
1588 1
1589 1
1590 1
1591 0
1592 2
1593 0
1594 0
1595 1
1596 0
1598 1
1599 0
1600 2
1601 0
1602 1
1603 0
1604 1
1605 0
1606 2
1607 2
1608 1
1609 1
1610 1
1611 1
1612 2
1613 0
1615 0
1616 0
1617 2
1618 1
1619 2
1620 0
1621 1
1622 2
1623 2
1624 0
1625 1
1626 0
1627 2
1628 2
1629 2
1630 0
1632 0
1633 1
1634 1
1635 0
1636 0
1637 2
1638 1
1639 2
1640 0
1641 2
1642 0
1643 0
1644 2
1645 2
1646 2
1647 1
1376 0
1393 2
1410 2
1427 0
1444 1
1461 2
1478 0
1495 0
1512 0
1529 0
1546 2
1563 2
1580 2
1597 0
1614 1
1649 1
1650 2
1651 2
1652 1
1653 2
1654 0
1655 0
1656 1
1657 0
1658 2
1659 1
1660 0
1661 2
1662 2
1663 0
1664 2
1666 0
1667 2
1668 0
1669 0
1670 0
1671 1
1672 0
1673 2
1674 1
1675 1
1676 2
1677 1
1678 0
1679 0
1680 2
1681 1
1683 1
1684 1
1685 2
1686 2
1687 0
1688 0
1689 1
1690 1
1691 1
1692 1
1693 2
1694 0
1695 1
1696 0
1697 2
1698 2
1700 1
1701 1
1702 2
1703 0
1704 1
1705 0
1706 2
1707 1
1708 2
1709 0
1710 0
1711 1
1712 0
1713 1
1714 2
1715 0
1717 0
1718 0
1719 2
1720 2
1721 0
1722 2
1723 2
1724 2
1725 2
1726 0
1727 0
1728 2
1729 2
1730 2
1731 0
1732 2
1734 0
1735 0
1736 2
1737 2
1738 2
1739 0
1740 0
1741 2
1742 2
1743 1
1744 1
1745 0
1746 2
1747 0
1748 0
1749 0
1751 1
1752 0
1753 0
1754 0
1755 2
1756 2
1757 2
1758 2
1759 0
1760 2
1761 1
1762 1
1763 2
1764 2
1765 0
1766 1
1768 1
1769 2
1770 0
1771 0
1772 2
1773 2
1774 1
1775 1
1776 0
1777 1
1778 1
1779 1
1780 1
1781 1
1782 2
1783 2
1785 0
1786 2
1787 0
1788 1
1789 2
1790 1
1791 1
1792 0
1793 2
1794 1
1795 1
1796 2
1797 2
1798 2
1799 1
1800 2
1802 0
1803 0
1804 0
1805 1
1806 1
1807 1
1808 0
1809 0
1810 0
1811 1
1812 1
1813 1
1814 0
1815 0
1816 0
1817 2
1819 2
1820 2
1821 1
1822 2
1823 1
1824 2
1825 2
1826 1
1827 1
1828 0
1829 2
1830 2
1831 0
1832 2
1833 2
1834 0
1836 1
1837 2
1838 0
1839 0
1840 2
1841 1
1842 1
1843 2
1844 0
1845 0
1846 0
1847 1
1848 2
1849 2
1850 1
1851 2
1853 1
1854 1
1855 0
1856 0
1857 0
1858 2
1859 1
1860 2
1861 2
1862 2
1863 0
1864 1
1865 0
1866 0
1867 0
1868 1
1870 1
1871 2
1872 0
1873 0
1874 0
1875 0
1876 0
1877 2
1878 1
1879 1
1880 1
1881 0
1882 0
1883 1
1884 2
1885 1
1887 1
1888 0
1889 2
1890 1
1891 0
1892 2
1893 1
1894 1
1895 0
1896 0
1897 0
1898 1
1899 1
1900 2
1901 0
1902 2
1904 0
1905 0
1906 2
1907 0
1908 2
1909 1
1910 2
1911 1
1912 1
1913 2
1914 1
1915 1
1916 1
1917 2
1918 1
1919 1
1648 0
1665 1
1682 0
1699 0
1716 0
1733 0
1750 2
1767 0
1784 1
1801 1
1818 0
1835 1
1852 2
1869 2
1886 0
1921 1
1922 1
1923 2
1924 1
1925 1
1926 2
1927 2
1928 1
1929 1
1930 1
1931 1
1932 2
1933 1
1934 1
1935 0
1936 1
1938 2
1939 0
1940 2
1941 0
1942 2
1943 2
1944 1
1945 2
1946 2
1947 1
1948 2
1949 0
1950 1
1952 1
1953 1
1954 1
1956 1
1957 2
1958 2
1959 1
1960 2
1961 1
1962 0
1963 1
1964 0
1965 1
1966 0
1967 1
1968 0
1969 1
1970 0
1971 2
1973 2
1974 2
1975 2
1976 2
1977 2
1978 2
1979 0
1980 0
1981 2
1982 0
1983 0
1984 2
1985 0
1986 1
1987 1
1988 1
1990 0
1991 0
1992 2
1993 1
1994 1
1995 1
1996 0
1997 1
1998 0
1999 2
2000 0
2001 2
2002 0
2003 2
2004 2
2005 2
2007 1
2008 1
2009 1
2010 0
2011 2
2012 0
2013 1
2014 2
2015 0
2016 0
2017 0
2018 0
2019 2
2020 1
2021 1
2022 1
2024 0
2025 1
2026 1
2027 0
2028 0
2029 1
2030 1
2031 1
2032 2
2033 2
2034 2
2035 2
2036 2
2037 0
2038 0
2039 1
2041 1
2042 1
2043 0
2044 1
2045 0
2046 2
2047 2
2048 1
2049 0
2050 0
2051 2
2052 2
2053 2
2054 1
2055 1
2056 0
2058 0
2059 1
2060 2
2061 2
2062 0
2063 0
2064 1
2065 0
2066 2
2067 0
2068 0
2069 1
2070 0
2071 2
2072 0
2073 2
2075 0
2076 2
2077 0
2078 1
2079 2
2080 1
2081 2
2082 2
2083 2
2084 1
2085 1
2086 0
2087 2
2088 1
2089 2
2090 2
2092 2
2093 1
2094 1
2095 0
2096 2
2097 1
2098 2
2099 1
2100 1
2101 1
2102 2
2103 1
2104 2
2105 0
2106 2
2107 2
2109 1
2110 2
2111 0
2112 2
2113 1
2114 1
2115 0
2116 1
2117 2
2118 2
2119 1
2120 2
2121 1
2122 1
2123 1
2124 0
2126 1
2127 0
2128 1
2129 2
2130 1
2131 2
2132 0
2133 0
2134 2
2135 0
2136 1
2137 1
2138 1
2139 0
2140 2
2141 1
2143 1
2144 1
2145 0
2146 2
2147 2
2148 0
2149 0
2150 2
2151 0
2152 1
2153 0
2154 2
2155 1
2156 2
2157 1
2158 2
2160 0
2161 2
2162 1
2163 2
2164 2
2165 2
2166 0
2167 2
2168 0
2169 1
2170 1
2171 1
2172 1
2173 2
2174 2
2175 0
2177 0
2178 2
2179 0
2180 1
2181 1
2182 0
2183 1
2184 2
2185 1
2186 1
2187 2
2188 0
2189 1
2190 2
2191 1
2192 1
1920 0
1937 2
1955 0
1972 0
1989 0
2006 1
2023 1
2040 2
2057 1
2074 1
2091 1
2108 1
2125 1
2142 2
2159 0
2176 2
2193 2
2210 2
2227 0
2244 2
2261 2
2278 0
2295 2
2194 2
2195 1
2196 2
2197 1
2198 0
2199 1
2200 1
2201 2
2202 0
2203 2
2204 0
2205 2
2206 2
2207 0
2208 1
2209 2
2211 2
2212 1
2213 2
2214 0
2215 2
2216 2
2217 2
2218 2
2219 1
2220 1
2221 2
2222 0
2223 0
2224 1
2225 2
2226 2
2228 0
2229 0
2230 0
2231 0
2232 2
2233 1
2234 0
2235 1
2236 2
2237 2
2238 1
2239 2
2240 1
2241 2
2242 1
2243 0
2245 0
2246 1
2247 0
2248 2
2249 2
2250 2
2251 2
2252 0
2253 2
2254 1
2255 2
2256 1
2257 2
2258 2
2259 1
2260 0
2262 1
2263 0
2264 1
2265 1
2266 0
2267 1
2268 2
2269 0
2270 2
2271 0
2272 1
2273 2
2274 0
2275 0
2276 1
2277 1
2279 0
2280 1
2281 1
2282 1
2283 0
2284 0
2285 1
2286 1
2287 0
2288 2
2289 2
2290 0
2291 1
2292 2
2293 2
2294 1
2296 0
2297 1
2298 1
2299 1
2300 1
2301 1
2302 2
2303 0
2304 1
2305 0
2306 0
2307 0
2308 1
2309 0
2310 1
2311 2
2312 2
2313 1
2314 0
2315 2
2316 2
2317 2
2318 0
2319 0
2320 1
2321 0
2322 0
